Runway <- 30L - 12R ->
